1 13
2 16
3 96
4 44
5 67
6 4
7 98
8 1
9 28
10 56
11 87
12 94
13 45
14 10
15 57
16 32
17 64
18 59
19 18
20 89
21 42
22 13
23 98
24 81
25 41
26 68
27 70
28 31
29 56
30 50
31 55
32 32
33 35
34 23
35 34
36 13
37 19
38 11
39 47
40 48
41 8
42 19
43 80
44 57
45 0
46 24
47 50
48 12
49 84
50 28
51 24
52 25
53 41
54 17
55 77
56 5
57 7
58 92
59 44
60 31
61 46
62 31
63 47
64 12
65 38
66 92
67 69
68 57
69 75
70 46
71 41
72 90
73 27
74 69
75 52
76 48
77 2
78 78
79 23
80 31
81 76
82 21
83 97
84 15
85 25
86 88
87 11
88 9
89 19
90 21
91 23
92 11
93 90
94 23
95 57
96 40
97 12
98 61
99 89
100 37
101 64
102 53
103 65
104 41
105 80
106 1
107 26
108 4
109 64
110 33
111 74
112 61
113 84
114 57
115 29
116 90
117 94
118 68
119 62
120 1
121 7
122 94
123 86
124 81
125 31
126 94
127 27
128 9
129 35
130 45
131 34
132 81
133 57
134 64
135 79
136 63
137 57
138 20
139 50
140 69
141 14
142 65
143 84
144 87
145 8
146 20
147 9
148 43
149 55
150 6
151 84
152 77
153 73
154 23
155 13
156 93
157 34
158 80
159 37
160 20
161 53
162 85
163 29
164 76
165 52
166 74
167 82
168 27
169 29
170 69
171 5
172 7
173 7
174 90
175 8
176 19
177 80
178 19
179 55
180 18
181 64
182 43
183 82
184 58
185 64
186 33
187 40
188 68
189 26
190 49
191 89
192 11
193 9
194 19
195 25
196 3
197 5
198 13
199 0
200 93
201 91
202 9
203 54
204 77
205 80
206 63
207 40
208 95
209 96
210 69
211 1
212 94
213 98
214 5
215 0
216 35
217 88
218 83
219 51
220 38
221 52
222 64
223 69
224 8
225 42
226 35
227 26
228 50
229 53
230 52
231 59
232 13
233 45
234 23
235 9
236 79
237 52
238 46
239 30
240 30
241 4
242 31
243 51
244 20
245 81
246 9
247 10
248 72
249 16
250 2
251 27
252 83
253 43
254 43
255 86
256 74
257 58
258 96
259 37
260 88
261 71
262 26
263 4
264 8
265 34
266 51
267 35
268 55
269 27
270 62
271 99
272 76
273 32
274 72
275 76
276 28
277 36
278 75
279 67
280 21
281 58
282 9
283 19
284 18
285 0
286 92
287 80
288 97
289 91
290 14
291 72
292 14
293 48
294 24
295 43
296 60
297 58
298 34
299 30
300 3
301 47
302 14
303 75
304 89
305 32
306 56
307 95
308 57
309 68
310 34
311 28
312 90
313 29
314 84
315 72
316 28
317 75
318 33
319 35
320 18
321 11
322 70
323 1
324 36
325 64
326 47
327 11
328 75
329 49
330 59
331 32
332 51
333 73
334 91
335 18
336 34
337 69
338 68
339 99
340 52
341 20
342 64
343 89
344 27
345 93
346 0
347 40
348 56
349 23
350 24
351 23
352 43
353 65
354 99
355 56
356 61
357 42
358 45
359 54
360 32
361 90
362 19
363 49
364 49
365 60
366 98
367 23
368 1
369 1
370 92
371 81
372 29
373 25
374 4
375 58
376 4
377 46
378 80
379 85
380 31
381 72
382 18
383 15
384 62
385 9
386 25
387 11
388 62
389 38
390 11
391 50
392 75
393 75
394 36
395 35
396 15
397 77
398 1
399 59
400 80
401 89
402 26
403 95
404 99
405 58
406 61
407 38
408 70
409 72
410 73
411 23
412 13
413 39
414 51
415 60
416 34
417 82
418 53
419 48
420 70
421 57
422 57
423 48
424 60
425 59
426 49
427 20
428 53
429 67
430 57
431 22
432 26
433 25
434 40
435 52
436 27
437 60
438 97
439 78
440 0
441 47
442 58
443 56
444 14
445 12
446 27
447 82
448 35
449 62
450 54
451 71
452 47
453 79
454 47
455 35
456 0
457 26
458 44
459 39
460 17
461 28
462 30
463 52
464 35
465 90
466 74
467 92
468 48
469 51
470 26
471 10
472 22
473 7
474 20
475 54
476 93
477 50
478 90
479 44
480 73
481 72
482 69
483 10
484 42
485 63
486 65
487 25
488 77
489 16
490 9
491 73
492 60
493 68
494 56
495 92
496 15
497 86
498 19
499 8
500 48
501 1
502 37
503 38
504 80
505 72
506 98
507 12
508 74
509 42
510 32
511 92
512 24
513 8
514 57
515 47
516 82
517 10
518 86
519 28
520 9
521 37
522 56
523 85
524 21
525 84
526 63
527 72
528 22
529 11
530 15
531 31
532 76
533 57
534 2
535 62
536 22
537 30
538 4
539 62
540 47
541 63
542 41
543 96
544 20
545 38
546 51
547 49
548 29
549 55
550 32
551 85
552 95
553 97
554 34
555 23
556 86
557 56
558 94
559 74
560 85
561 31
562 11
563 25
564 63
565 89
566 53
567 17
568 89
569 69
570 19
571 25
572 82
573 70
574 41
575 41
576 14
577 42
578 70
579 44
580 40
581 99
582 81
583 92
584 7
585 88
586 15
587 51
588 16
589 79
590 75
591 82
592 42
593 55
594 82
595 39
596 15
597 53
598 66
599 40
600 23
601 85
602 6
603 44
604 72
605 22
606 63
607 99
608 1
609 0
610 30
611 97
612 31
613 1
614 27
615 36
616 9
617 62
618 34
619 9
620 75
621 57
622 92
623 66
624 23
625 80
626 41
627 75
628 17
629 66
630 45
631 35
632 62
633 30
634 57
635 59
636 96
637 48
638 9
639 9
640 65
641 8
642 60
643 31
644 1
645 46
646 4
647 23
648 17
649 72
650 3
651 66
652 26
653 83
654 11
655 85
656 91
657 97
658 31
659 60
660 69
661 20
662 22
663 58
664 25
665 32
666 89
667 91
668 75
669 47
670 5
671 97
672 74
673 86
674 27
675 98
676 59
677 9
678 49
679 99
680 19
681 68
682 14
683 73
684 90
685 21
686 98
687 42
688 86
689 53
690 12
691 75
692 22
693 10
694 13
695 57
696 24
697 63
698 53
699 43
700 77
701 72
702 92
703 29
704 64
705 42
706 64
707 90
708 48
709 63
710 79
711 41
712 32
713 43
714 25
715 23
716 14
717 38
718 54
719 38
720 13
721 14
722 5
723 5
724 49
725 77
726 21
727 35
728 59
729 20
730 18
731 3
732 53
733 2
734 3
735 26
736 63
737 40
738 42
739 8
740 53
741 84
742 12
743 80
744 55
745 17
746 25
747 66
748 52
749 91
750 88
751 8
752 38
753 10
754 49
755 39
756 73
757 80
758 60
759 21
760 58
761 13
762 19
763 91
764 68
765 46
766 84
767 7
768 96
769 96
770 13
771 67
772 22
773 86
774 5
775 34
776 72
777 19
778 56
779 76
780 9
781 95
782 34
783 30
784 43
785 27
786 28
787 21
788 15
789 0
790 80
791 51
792 34
793 15
794 97
795 40
796 30
797 0
798 92
799 38
800 49
801 39
802 42
803 8
804 31
805 68
806 65
807 89
808 55
809 67
810 97
811 65
812 44
813 10
814 97
815 10
816 18
817 92
818 15
819 89
820 71
821 28
822 95
823 17
824 41
825 54
826 91
827 64
828 6
829 59
830 51
831 61
832 8
833 15
834 52
835 45
836 31
837 28
838 22
839 78
840 4
841 42
842 93
843 63
844 91
845 18
846 16
847 73
848 77
849 12
850 30
851 93
852 88
853 77
854 31
855 18
856 1
857 43
858 21
859 42
860 9
861 47
862 24
863 89
864 36
865 33
866 71
867 80
868 18
869 94
870 23
871 13
872 35
873 57
874 23
875 92
876 83
877 36
878 61
879 55
880 51
881 81
882 24
883 40
884 71
885 78
886 57
887 95
888 77
889 84
890 24
891 51
892 15
893 17
894 41
895 18
896 53
897 9
898 80
899 80
900 86
901 76
902 3
903 62
904 77
905 14
906 43
907 91
908 95
909 3
910 91
911 4
912 4
913 58
914 61
915 94
916 12
917 0
918 61
919 52
920 69
921 3
922 83
923 81
924 95
925 37
926 5
927 55
928 52
929 32
930 71
931 46
932 69
933 31
934 68
935 88
936 89
937 82
938 78
939 61
940 97
941 49
942 9
943 35
944 97
945 31
946 85
947 88
948 71
949 58
950 91
951 13
952 58
953 86
954 71
955 11
956 86
957 58
958 43
959 29
960 39
961 80
962 99
963 84
964 44
965 1
966 96
967 72
968 11
969 82
970 31
971 84
972 18
973 6
974 81
975 50
976 92
977 52
978 49
979 84
980 95
981 49
982 87
983 74
984 58
985 27
986 7
987 93
988 12
989 45
990 41
991 49
992 96
993 22
994 8
995 64
996 90
997 62
998 29
999 2
1000 71
